1 2.261901422 -0.7576423204 0.2990260699 -1.974164097 2.155205532 1.449143292 1.767237838 -0.9478549174 1.495418939 0.2532089325 0.6569732016 2.282286247 3.326816956
1 0.8013661764 -0.7008437919 -0.8029666793 -3.551083772 0.2689926323 1.176057113 1.41987188 -1.104126837 -0.3251276954 -0.2011718451 0.6975364634 1.532174564 3.227786183
1 0.744646361 -0.2302274131 1.211020069 -0.8989915907 0.3388523693 1.449143292 1.975657413 -0.7915829972 2.432730077 0.2676337191 0.6164099399 1.200394397 4.11906314
1 2.460420776 -0.5629045085 0.5650243197 -1.544095094 1.177169214 3.360746543 2.265129045 -1.260398758 1.297141583 1.032147408 -0.07316550947 1.604300687 6.066668341
1 0.8580859917 -0.04360367673 1.971015069 -0.03885358589 1.526467899 1.449143292 1.338819823 -0.0883593567 0.6482338715 -0.222809025 0.6569732016 0.8541890046 1.148139952
1 2.21936156 -0.7170719429 0.3750255698 -2.117520431 1.107309477 2.304813319 2.149340392 -0.479039157 0.9186120845 0.6534967604 0.6975364634 0.7387872073 5.868606795
1 2.488780683 -0.6278171124 0.3750255698 -2.332554932 -0.01044631582 0.9029709347 1.141979114 -0.7915829972 0.9366372987 0.1125672632 0.5758466782 1.791828608 4.81227855
1 2.020842207 -0.4006229985 0.9830215693 -1.257382426 1.73604711 1.085028387 1.130400248 -0.7134470372 -0.379203338 0.04044333026 0.7380997251 1.791828608 4.845288808
1 3.112698652 -0.8144408488 -0.6889674294 -2.547589433 0.05941342121 1.449143292 1.674606916 -0.8697189573 0.9366372987 0.09453627998 0.8192262485 0.7387872073 3.194775926
1 1.73724313 -1.049749038 -0.3089699297 -1.830807763 0.1292731582 1.776846706 1.871447625 -1.416670678 0.7023095141 0.8229880028 0.5352834164 1.748552934 3.194775926
1 2.077562022 -0.3925089231 -0.1949706798 -1.114026092 0.6182913174 1.722229471 2.068288335 -1.416670678 1.657645867 0.2928770956 1.508801698 1.200394397 6.264729886
1 2.10592193 -0.9442660568 -0.1189711798 -1.544095094 -0.08030605284 0.3567985774 1.037769326 -1.104126837 0.1976035164 0.02241234702 1.184295604 0.6955115333 4.746258035
1 1.581263638 -0.7414141694 0.2230265699 -1.830807763 -0.499464475 1.085028387 1.41987188 -0.8697189573 0.6302086573 0.2387841459 1.103169081 0.8109133306 5.010340096
1 2.999259022 -0.7414141694 0.14702707 -3.479405605 -0.359745001 1.995315649 2.49670635 0.2241844835 2.432730077 0.1666602129 1.508801698 0.5656845113 3.887991336
1 2.47460073 -0.6278171124 0.10902732 -3.264371104 0.4087121063 2.359430554 2.438812024 -0.8697189573 2.703108291 0.923961509 1.305985389 0.9551655773 6.509005793
1 1.411104192 -0.6765015654 1.325019319 -1.40073876 1.107309477 1.540172018 1.593554859 -0.7915829972 -0.0006738397833 0.851837576 1.630491483 0.7820628813 4.944319581
1 2.361161099 -0.587246735 1.401018819 -0.3972444212 1.666187373 1.449143292 1.85986876 -0.5571751171 0.9186120845 0.4551559448 0.7786629868 0.4502827139 4.746258035
1 1.694703268 -0.8712393773 1.021021319 -0.3972444212 1.316888688 1.722229471 2.160919257 -0.01022339664 0.4679817295 0.5994038107 1.022042557 0.3348809166 3.755950306
1 2.205181607 -0.8550112263 0.4890248197 -1.651612345 0.8278705285 2.359430554 2.774599116 -0.6353110771 0.7203347283 1.356705107 1.427675174 0.6955115333 7.387078646
1 1.425284145 0.3702141736 0.7930228195 -2.117520431 1.386748425 1.26708584 1.732501242 -1.807350478 0.3598304443 0.0584743135 0.3324671078 1.474473665 1.87436562
1 2.020842207 -0.8225549243 -0.2709701797 -1.830807763 2.085345795 1.813258197 1.894605356 -1.260398758 1.152939869 0.2568151291 0.8597895103 1.979356529 1.445232271
1 0.4185074227 0.9381994583 1.135020569 -0.8989915907 0.4087121063 0.7391192275 1.014611596 -1.182262798 0.9366372987 -0.1578974854 0.6164099399 1.70527726 1.379211755
1 1.524543822 -0.6359311879 0.03302782007 -1.615773261 0.3388523693 1.103234132 1.558818263 -1.025990877 0.4139060869 -0.4103312507 0.9409160337 2.397688044 3.12875541
1 0.305067792 -0.8468971508 0.6410238196 -1.185704259 -0.08030605284 0.8665594442 0.9682961347 -1.104126837 -0.0006738397833 -0.3634506943 0.8597895103 1.863954731 2.99671438
1 1.226764792 -0.6765015654 0.9830215693 -0.3972444212 -0.01044631582 0.9575881704 1.246188901 -0.9478549174 0.3598304443 -0.5113047569 0.9814792954 2.138034 1.87436562
1 0.5886668688 -0.4817637535 3.301006318 1.394709755 1.945626321 1.139645623 1.327240958 0.5367283238 0.8284860135 -0.489667577 1.022042557 1.243670071 1.775334847
1 1.070785299 -0.7089578674 1.021021319 -1.794968679 -0.2200255269 1.540172018 1.628291455 -0.479039157 -0.01869905399 -0.04971158593 0.1702140609 1.27252052 4.185083655
1 0.9431657148 -0.7495282449 -0.8029666793 -1.472416927 -0.1501657899 0.7209134822 0.7598765599 -1.025990877 -0.198951196 -0.356238301 0.5758466782 0.6233854099 4.779268292
1 1.751423084 -0.6034748859 1.705016819 -0.6122789224 0.7580107915 1.722229471 1.663028051 -0.2446312768 0.5400825863 -0.1578974854 1.508801698 1.532174564 2.336509227
1 1.964122391 -0.7819845469 -0.5369684295 -1.830807763 -0.01044631582 1.176057113 0.9219806736 -1.104126837 0.9366372987 -0.08577355241 0.6569732016 1.806253833 3.12875541
1 1.55290373 -0.9280379058 1.325019319 0.4987326671 0.3388523693 1.813258197 1.987236278 -0.8697189573 1.657645867 0.2748461124 1.265422128 0.5368340619 4.779268292
1 1.340204422 -0.7982126978 0.03302782007 -0.719796173 0.6881510545 1.558377763 1.917763087 -1.416670678 0.8825616561 0.7075897101 0.8597895103 0.7820628813 6.297740144
1 1.482003961 -0.6602734144 0.03302782007 -1.40073876 0.5484315804 0.7573249727 1.338819823 0.1460485235 0.9186120845 -0.3959064641 1.427675174 0.7676376566 2.831663092
1 1.595443591 -0.9036956793 1.325019319 -0.5764398389 2.504504217 1.722229471 1.39671415 0.7711362039 -0.198951196 0.1666602129 1.508801698 0.9551655773 4.449165716
1 1.240944745 -0.6846156409 1.135020569 -0.7556352566 0.9675900026 0.629884756 1.153557979 -0.8697189573 0.1435278738 -0.2660833848 0.900352772 0.7676376566 3.524878502
1 1.198404884 -0.6765015654 0.2230265699 -0.2180490036 0.2689926323 1.26708584 1.674606916 -1.104126837 0.7203347283 0.0584743135 0.6569732016 1.633151137 2.369519485
1 0.9148058071 -0.8144408488 1.857015819 -2.01000318 0.9675900026 1.085028387 1.327240958 -0.479039157 -0.1809259818 -0.1218355189 0.8597895103 0.6378106346 2.105437423
1 0.5886668688 -0.8063267733 0.7550230695 -1.114026092 0.1292731582 0.8119422085 1.037769326 -0.8697189573 -0.03672426819 -0.2480524016 0.9814792954 0.2483295686 3.590899017
1 0.6170267765 -0.9280379058 -0.9549656792 -2.01000318 0.1292731582 0.7209134822 1.280925497 -0.9478549174 -0.1629007676 -0.4463932172 1.224858866 0.5079836126 3.029724637
1 2.247721468 1.092366893 0.6030240696 -2.834302102 2.225065269 1.813258197 1.744080108 -1.572942598 1.116889441 0.0584743135 0.04852427571 1.719702485 1.31319124
1 1.311844515 -0.7576423204 -0.1569709298 -1.759129596 1.456608162 2.086344376 2.033551739 -0.479039157 1.58554501 0.4299125682 0.2919038461 1.503324115 1.544263044
1 1.099145207 0.9706557603 -0.8789661792 -0.8273134236 -0.429604738 0.8119422085 1.327240958 -1.025990877 0.03537658862 -0.2372338116 0.1296507992 0.9551655773 3.12875541
1 1.765603038 -0.6115889614 0.9070220694 -2.189198598 0.3388523693 2.268401828 2.346181101 -1.807350478 0.4319313011 0.1774788029 0.007961013984 1.762978159 3.524878502
1 0.8580859917 1.084252817 -0.2329704297 -1.29322151 0.4785718434 1.157851368 1.269346632 -0.6353110771 0.3598304443 -0.2083842384 -0.2354185564 0.9551655773 0.7850271177
1 0.5886668688 -0.7089578674 -0.9549656792 -1.472416927 0.7580107915 1.813258197 1.697764646 -0.9478549174 1.02676337 0.03683713361 0.007961013984 1.460048441 2.138447681
1 2.233541514 1.13293727 0.3370258198 -0.7914743401 1.03744974 1.540172018 1.292504362 -0.7915829972 -0.379203338 0.1089610666 -0.03260224774 1.431197991 3.425847729
1 2.47460073 0.7678038729 -0.2709701797 -1.830807763 0.4087121063 2.268401828 1.894605356 -1.025990877 1.315166797 -0.01364961946 0.6569732016 1.589875463 3.326816956
1 1.793962945 -0.7819845469 -0.8789661792 -1.830807763 0.3388523693 1.995315649 2.149340392 -1.494806638 1.225040726 0.4190939783 0.1296507992 1.431197991 2.798652834
1 2.077562022 -0.50610598 0.1850268199 -0.8273134236 0.4785718434 1.358114566 1.605133724 -0.6353110771 1.657645867 0.4551559448 0.7786629868 0.5945349606 3.293806699
1 1.850682761 -0.7414141694 -0.3089699297 -1.329060593 0.8278705285 1.594789254 2.323023371 -0.6353110771 1.116889441 1.42882904 0.9814792954 1.099417824 4.614217004
1 0.5886668688 -0.7414141694 -1.182964179 -3.12101477 -0.2898852639 1.30349733 2.010394009 -1.807350478 2.61298222 0.8157756095 0.9814792954 0.8253385553 3.887991336
1 1.694703268 -0.8063267733 0.9450218194 -1.40073876 -0.1501657899 0.8119422085 1.686185781 -1.416670678 1.495418939 0.2387841459 1.468238436 1.48889889 4.647227262
1 1.680523314 -0.7251860184 0.2610263199 -2.547589433 1.03744974 3.415363778 2.554600676 -0.6353110771 0.7383599425 0.7616826598 0.5352834164 1.330221419 4.152073397
1 1.609623545 -0.6034748859 1.249019819 -1.436577844 1.316888688 1.813258197 1.454608476 -0.0883593567 0.3958808727 0.4912179112 1.022042557 0.8541890046 5.37345293
1 1.567083684 -0.7900986224 -0.3849694296 -1.687451428 1.526467899 1.085028387 1.581975994 -1.494806638 0.2877295874 0.3289390621 0.1702140609 1.243670071 3.293806699
1 1.311844515 -0.7414141694 0.4130253198 -0.2180490036 1.386748425 1.740435216 1.443029611 -1.572942598 1.783822366 0.473186928 0.4135936313 0.9984412513 3.68992979
1 2.247721468 -0.7657563959 -0.1949706798 -1.723290512 1.526467899 2.177373102 1.697764646 -1.104126837 1.02676337 0.5200674844 0.2513405843 1.402347542 2.699622061
1 0.9289857609 -0.5466763575 1.249019819 -1.544095094 0.4087121063 1.813258197 1.964078548 -0.7134470372 0.3598304443 0.3830320118 0.7786629868 0.7243619826 4.68023752
1 1.538723776 -0.9848364343 0.5650243197 -1.579934178 0.8278705285 2.541488007 2.473548619 -1.651078558 1.044788584 0.6715277436 0.04852427571 0.7676376566 4.779268292
2 -0.3755699924 -1.382426134 -3.766947177 -3.766118273 -0.569324212 -0.04372781802 -1.115899613 -0.9478549174 -1.875296117 -1.077477631 0.6975364634 -0.7470109335 -0.2713011268
2 -0.4322898077 -1.252600926 -0.2709701797 -1.830807763 0.3388523693 0.08371239869 -0.5137986195 1.786903685 -1.893321331 -0.6014596731 1.508801698 -0.9633893035 0.7850271177
2 0.00728876132 -1.041634963 -1.258963679 -1.544095094 0.2689926323 0.02909516296 -0.143274931 1.005544084 -1.514791833 0.2928770956 0.4135936313 -1.078791101 -0.7334447338
2 1.467824007 -1.130889793 -1.638961179 -1.114026092 -0.1501657899 0.1747411249 0.2967219492 -0.6353110771 -1.316514477 -0.4103312507 1.427675174 0.1762034452 0.4549245413
2 -0.3755699924 -1.228258699 -0.7269671793 -0.7556352566 -0.6391839491 2.723545459 1.813553299 -1.651078558 0.7383599425 -0.1759284686 1.387111913 0.7676376566 -0.9315062797
2 -0.6591690692 -0.9686082833 0.6790235696 -0.7556352566 0.5484315804 -0.2075795252 0.2504064881 0.3804564037 -0.7757580505 -0.7168579658 2.320066932 -0.1555767221 -1.360639629
2 -0.3755699924 -1.163346095 0.7930228195 -1.078187008 0.1292731582 0.7573249727 1.292504362 -0.2446312768 1.116889441 -0.1218355189 1.265422128 -0.05460014944 0.7718230147
2 0.6737465918 -1.325627605 -2.474955678 -2.189198598 -1.267921582 1.776846706 1.906184221 -1.104126837 1.477393725 0.1305982465 0.9814792954 1.214819621 -0.3901380543
2 -0.3755699924 -1.195802397 -1.638961179 -0.5406007554 -1.267921582 0.1929468702 0.5398781198 -1.025990877 -0.7577328363 -0.09298594571 0.9814792954 1.647576361 -0.3373216421
2 0.9998855301 -1.382426134 0.03302782007 -1.472416927 0.9675900026 0.9575881704 -0.2706424489 1.161816004 -1.875296117 -0.6375216395 0.5758466782 -0.5883334621 1.247170725
2 -0.6024492538 -1.179574246 -2.284956928 -1.544095094 3.831839221 -0.2804025062 -0.2938001794 -2.041758358 1.873948437 -0.7529199323 1.630491483 1.05614215 1.035905076
2 -0.4890096231 -0.8387830753 -0.5369684295 -0.2538880871 0.4785718434 -1.6458334 -0.5948506764 -0.2446312768 -0.0006738397833 -0.6807959993 0.1134254945 -0.7470109335 2.039416908
2 1.73724313 -0.9199238303 1.211020069 1.394709755 -0.7090436861 1.722229471 1.535660533 -1.494806638 0.7383599425 -0.5617915099 1.954997577 1.185969172 -0.997526795
2 1.212584838 -0.7982126978 -0.4229691796 1.03631892 -0.6391839491 -0.2257852705 0.3546162755 -1.025990877 -0.7757580505 -0.4319684306 0.4135936313 0.6378106346 -0.5881996002
2 0.5035871457 -0.7900986224 0.9450218194 3.186663932 2.993522376 2.359430554 1.570397129 -1.494806638 0.9005868703 -0.5726100999 1.752181268 1.676426811 2.798652834
2 -0.9569480998 -1.260715001 -0.1949706798 -0.03885358589 0.3388523693 2.505076516 0.7019822335 -2.119894318 0.3418052301 -0.6230968529 0.454156893 1.142693498 2.145049733
2 -1.382346715 -0.6197030369 -1.638961179 -1.830807763 0.05941342121 -0.7173403921 0.0419869133 -0.479039157 -0.55945548 -0.4103312507 1.427675174 -0.2854037441 -0.8786898675
2 0.5603069611 -1.414882436 -2.436955928 -1.830807763 -0.7090436861 -0.09834505375 0.5746147156 -1.260398758 -0.0006738397833 -0.1218355189 1.265422128 0.2050538946 -1.116363722
2 -1.127107546 0.1998185881 -0.4609689295 -1.114026092 1.107309477 -0.5170771944 -0.2474847184 0.2241844835 -0.9199597641 -0.8250438652 0.3324671078 0.2627547932 -0.4033421574
2 -0.4322898077 -1.341855756 -1.524961929 -2.260876765 2.783943165 -0.18937378 0.3661951408 -0.4009031969 2.342604006 -0.5545791166 0.7380997251 -0.04017492477 1.247170725
2 0.09236848436 0.9949979867 0.1850268199 0.6779280848 0.3388523693 1.503760528 1.176715709 0.2241844835 0.8825616561 -0.8538934384 1.265422128 1.142693498 -0.647618064
2 -0.9002282845 -1.398654285 -1.334963179 -0.7556352566 -0.7090436861 0.7573249727 0.8409286167 -0.7915829972 -0.05474948239 -0.8791368149 2.0361241 1.128268273 -1.868997597
2 0.120728392 -0.6765015654 -0.5749681795 -0.8273134236 -0.7090436861 0.3567985774 1.153557979 -1.104126837 0.5581078005 -0.3742692842 1.143732342 1.157118723 1.00949687
2 -0.7867886537 -1.228258699 0.6030240696 1.03631892 -1.267921582 -0.007316327528 0.05356577857 -0.01022339664 -0.108825125 -0.9873227144 1.752181268 0.5512592866 0.4549245413
2 0.5886668688 0.9868839112 -0.1189711798 0.4987326671 -0.7789034231 -0.6445174111 0.06514464384 1.630631765 0.2877295874 -0.04971158593 -0.1542920329 -0.4729316648 -0.3043113845
2 -1.127107546 -1.422996511 0.8690223194 -1.114026092 -0.1501657899 0.3567985774 0.7830342904 -1.416670678 1.603570224 -0.6807959993 -0.3571083416 1.070567375 -0.2713011268
2 0.04982862284 -1.349969832 -0.4229691796 -1.114026092 0.1991328953 0.3567985774 0.4704049282 -0.7915829972 -0.0006738397833 -0.8358624552 1.427675174 1.185969172 -0.7334447338
2 -0.673349023 -0.8387830753 -0.1569709298 0.6062499177 -0.429604738 -0.4078427229 0.1809332965 0.2241844835 0.1795783022 -0.8971677982 1.833307792 -0.1123010481 -0.436352415
2 -1.396526669 -0.7900986224 1.021021319 1.753100591 -0.569324212 -0.1529622895 0.08830237437 -0.01022339664 -0.2169764102 -0.8430748485 1.954997577 1.258095295 0.005985037367
2 -1.410706623 -0.473649678 0.4130253198 0.1761809153 -0.8487631601 -0.09834505375 0.1809332965 0.6148642838 -0.198951196 -0.7709509155 0.4947201547 0.5945349606 0.7850271177
2 -0.7867886537 -1.065977189 -0.1949706798 0.892962586 -1.826799479 0.3567985774 0.06514464384 0.1460485235 -0.1448755534 -1.15320776 0.7786629868 1.258095295 0.4219142837
2 -0.7867886537 -0.6602734144 -0.1189711798 -0.9348306742 -1.058342371 -0.7355461373 -0.03906514356 0.9274081241 0.3237800159 -0.9151987814 0.8192262485 -0.09787582345 -0.535383188
2 -0.9002282845 -0.9199238303 0.2610263199 0.3195372495 -0.7090436861 -1.008632316 -0.3285367752 0.7711362039 0.3057548017 -0.4824551837 0.6975364634 0.4502827139 -0.7334447338
2 0.07818853052 -0.9036956793 -0.3469696796 -0.1463708365 -1.128202108 -1.136072533 -0.08538060463 1.396223884 0.2877295874 -0.6807959993 0.3324671078 -0.4008055415 -0.436352415
2 -0.4890096231 0.1511341352 -0.4989686795 -1.114026092 -0.569324212 0.8119422085 0.8293497515 -1.182262798 0.9546625129 -1.005353698 1.103169081 1.387922317 -1.789772978
2 -1.43906653 -0.5304482065 -0.2709701797 -1.114026092 0.1292731582 1.849669687 0.8409286167 -1.807350478 -0.198951196 -0.6086720663 1.143732342 0.8974646786 -1.426660144
2 -0.233770454 -0.9118097548 -0.5749681795 -0.7556352566 4.600296328 0.9029709347 0.852507482 -0.6353110771 3.279915145 -0.8430748485 1.143732342 0.4214322646 2.481754361
2 -1.169647407 -0.424965225 1.477018319 0.1403418318 2.644223691 -0.7355461373 -0.6295872722 -2.041758358 0.1795783022 -0.8791368149 0.2919038461 -0.1123010481 0.4219142837
2 -0.4890096231 -1.001064585 -1.410962679 -1.830807763 -0.7789034231 0.9939996609 1.118821383 -0.8697189573 0.5581078005 -0.734888949 1.427675174 0.5801097359 -0.8786898675
2 -0.3755699924 -1.276943152 -0.9549656792 -0.9348306742 -0.569324212 2.75995695 2.566179542 -1.260398758 0.8825616561 -0.1578974854 0.6569732016 0.6233854099 0.6529860872
2 -0.4890096231 0.427012702 -0.5369684295 -1.114026092 -0.569324212 1.540172018 1.686185781 0.3804564037 2.432730077 -0.9512607479 2.198377147 0.7099367579 -1.023935001
2 -0.7867886537 -0.457421527 -2.474955678 -1.29322151 0.05941342121 0.4114158131 0.7367188293 -1.104126837 -0.108825125 -0.5906410831 1.589928221 0.8974646786 0.9830886636
2 -0.04943105404 -1.057863114 -1.714960679 -0.9348306742 -0.569324212 -1.008632316 -0.2011692573 -0.8697189573 -0.198951196 -0.8971677982 0.6569732016 0.6233854099 0.005985037367
2 -0.4181098539 -0.1572007337 0.4130253198 -0.03885358589 0.1292731582 1.012205406 0.6672456377 -0.479039157 -0.2710520528 -0.7709509155 -0.3165450798 1.503324115 -0.8126693522
2 -1.155467454 -0.7495282449 -1.790960179 -0.5764398389 -0.7090436861 0.9029709347 0.1230389702 -0.2446312768 -0.07277469659 -1.037809467 0.2513405843 0.1473529959 -0.9645165373
2 -0.1770506386 -0.7414141694 -1.410962679 -0.2180490036 -0.7789034231 0.3567985774 0.4472471977 -0.6353110771 0.03537658862 -0.7204641624 0.6569732016 1.777403383 0.7322107055
2 -0.3046702232 -0.07605997871 -0.3089699297 0.3195372495 -0.429604738 -0.5899001753 0.3546162755 2.021311565 -0.07277469659 -0.807012882 -0.07316550947 1.387922317 -1.62472169
2 -0.5457294385 -0.7414141694 -0.8789661792 -0.7556352566 -1.128202108 -0.6445174111 0.5746147156 -0.2446312768 0.3057548017 -0.5545791166 0.4947201547 1.200394397 -0.3373216421
2 0.120728392 -0.7251860184 -0.2709701797 0.4987326671 -0.8487631601 -1.136072533 0.2619853534 0.6148642838 0.3057548017 -0.5906410831 0.007961013984 0.1185025466 -0.4825667757
2 -0.5882693 -1.098433491 -1.562961679 -0.7556352566 -0.2898852639 0.6480905013 0.5861935809 -0.0883593567 1.116889441 -0.807012882 -0.07316550947 0.9840160266 -1.644527845
2 -1.453246484 -1.049749038 1.325019319 -0.3972444212 -0.1501657899 1.339908821 1.605133724 -0.8697189573 1.855923223 -0.8250438652 0.3324671078 1.330221419 0.7850271177
2 -1.665945792 0.8895150053 -2.018958678 -0.5764398389 0.7580107915 2.140961611 1.211452305 -1.260398758 3.820671571 -0.734888949 -0.5193613885 0.6810863086 0.005985037367
2 -0.1628706848 -0.1734288847 -0.6889674294 -0.03885358589 -0.569324212 0.9939996609 0.852507482 -1.104126837 -0.4332789806 -1.059446647 0.08908753744 0.6378106346 -1.558701175
2 -1.240547177 0.02942300273 2.161013818 -0.3972444212 0.4785718434 -0.4624599586 0.5746147156 1.552495805 -0.7397076221 -0.4103312507 1.427675174 0.2339043439 0.3030773562
2 -1.736845561 -1.544707643 0.5650243197 -0.03885358589 -0.569324212 0.8665594442 0.5514569851 0.1460485235 -0.03672426819 -0.6699774094 0.900352772 -0.04017492477 -0.8390775583
2 -0.7867886537 -1.017292736 0.5650243197 0.4987326671 -0.8487631601 1.012205406 0.8756652125 0.2241844835 -0.7577328363 -0.734888949 0.2107773226 1.229244846 -1.162578083
2 -2.275683807 -0.9199238303 -0.5749681795 0.1403418318 -0.7789034231 0.8301479537 0.7367188293 0.9274081241 0.9907129413 -1.095508614 3.374711737 0.7676376566 -1.01733295
2 -1.155467454 -0.9523801323 -1.372962929 -0.110531753 -0.7090436861 -0.04372781802 0.07672350911 -0.7915829972 0.1255026596 -1.077477631 0.2919038461 1.431197991 -0.436352415
2 -0.3046702232 -0.8387830753 -0.6129679294 0.4987326671 0.8278705285 -0.007316327528 0.6440879072 -0.479039157 0.2697043732 -1.037809467 0.7380997251 0.8974646786 -1.426660144
2 0.1916281612 0.6379786649 -1.410962679 -1.830807763 -1.128202108 -0.6809289016 -0.3285367752 0.2241844835 -1.136262335 -0.5545791166 -0.7221776971 -0.3142541935 -1.248404753
2 -0.9002282845 0.6379786649 -1.334963179 -0.7556352566 -0.6391839491 -0.007316327528 0.1230389702 -0.2446312768 0.7383599425 -1.319092806 0.2107773226 1.027291701 0.01918914042
2 -1.680125746 -0.1977711112 0.2610263199 -0.3972444212 -0.01044631582 1.631200744 1.454608476 -0.6353110771 0.6662590857 -0.6086720663 -0.3165450798 1.517749339 0.4219142837
2 -1.524146253 -0.4817637535 3.339006067 2.649077679 1.596327636 2.140961611 4.106168622 0.5367283238 0.7383599425 0.3830320118 0.2107773226 1.950506079 -0.6344139609
2 -0.3046702232 1.449386215 1.439018569 1.932296008 0.4087121063 0.3567985774 0.6904033683 0.2241844835 0.4499565153 -1.030597074 0.1702140609 1.128268273 -1.294619114
2 0.5886668688 2.561014557 -0.8409664293 0.1403418318 -0.7090436861 1.121439878 1.292504362 -0.7915829972 0.9907129413 -0.8430748485 -0.6004879119 1.099417824 -1.195588341
2 -1.084567684 1.352017309 0.14702707 -0.03885358589 -0.9884826342 1.558377763 1.732501242 -1.494806638 2.61298222 -0.7709509155 -0.5193613885 1.878379956 -1.195588341
2 -0.8009686076 -0.3925089231 -0.6889674294 -0.03885358589 -0.7789034231 1.085028387 1.292504362 -0.2446312768 -0.198951196 -0.7853757021 -0.07316550947 1.359071868 -1.208792444
2 -0.2904902693 -0.9036956793 -0.2329704297 0.1403418318 -0.7090436861 1.339908821 1.871447625 -0.0883593567 0.5581078005 -0.3598444976 -0.7627409588 0.7243619826 -1.380445784
2 -1.198007315 -0.4168511495 1.629017319 2.649077679 -0.2898852639 0.2293583606 0.8177708862 1.396223884 0.5400825863 -0.6988269825 0.3730303695 0.1473529959 -0.6278119094
2 -0.3755699924 -0.8225549243 -0.1949706798 1.215514338 -0.569324212 0.3932100678 1.060927057 -0.01022339664 0.7924355851 -1.016172288 0.04852427571 0.6378106346 -1.446466299
2 -0.8435084691 1.343903233 0.10902732 0.3195372495 -1.128202108 0.1747411249 0.2504064881 0.1460485235 -0.198951196 -0.8430748485 -0.3571083416 0.3348809166 0.1248219649
3 0.3192477458 -1.049749038 -0.1189711798 -1.114026092 1.805906847 -0.8993978445 -0.3285367752 -1.494806638 -0.9379849783 -0.3021453513 -0.4787981267 -1.511547841 0.4549245413
3 0.3476076535 0.2809593431 0.1850268199 -0.3972444212 0.5484315804 -1.281718495 -0.363273371 -1.260398758 -1.136262335 0.1666602129 -0.5599246502 -1.32401992 -0.2052806115
3 0.2483479766 -0.2707977906 0.1850268199 1.03631892 0.1292731582 -1.554804673 -0.5137986195 -1.025990877 -1.136262335 0.2748461124 -0.884430744 -1.410571268 -0.00721906569
3 0.09236848436 0.7353475709 0.03302782007 0.1403418318 0.6881510545 -0.5534886849 -0.3864311016 -1.807350478 -1.11823712 0.02241234702 -0.3976716033 -1.511547841 0.2568629955
3 -0.1770506386 -1.139003869 -0.3849694296 -1.29322151 -0.7789034231 -0.007316327528 -1.104320748 1.552495805 -0.379203338 0.1846911962 -0.5193613885 -1.194192898 0.5869655719
3 -0.04943105404 -0.1490866582 -0.5749681795 -0.9348306742 -0.1501657899 -0.6991346468 -1.011689826 1.786903685 -0.9379849783 0.7797136431 -0.6004879119 -1.093216326 0.8840578907
3 -0.5457294385 1.684694404 0.7170233195 -0.03885358589 -0.499464475 -1.136072533 -1.231688266 1.005544084 -1.190337977 -0.3923002675 -0.5193613885 -1.54039829 1.049109179
3 -0.1486907309 2.325706368 1.097020819 1.394709755 -0.01044631582 -0.3896369777 -1.081163018 1.786903685 -0.6495815511 0.02241234702 -0.2354185564 -0.9345388542 -0.3043113845
3 1.212584838 0.7678038729 -0.6129679294 -0.5764398389 -0.569324212 -0.6991346468 -1.220109401 1.396223884 -1.046136263 0.2748461124 -0.2759818181 -0.7470109335 0.1248219649
3 0.2908878381 0.2566171166 0.9830215693 1.03631892 0.3388523693 0.5752675203 -1.081163018 1.005544084 -1.172312763 -0.00643722616 0.04852427571 -0.2709785195 0.1908424802
3 0.4185074227 0.1349059842 1.325019319 -0.03885358589 -0.01044631582 -0.8447806088 -1.19695167 1.005544084 -1.280464048 -0.1218355189 -0.438234865 -0.04017492477 0.2568629955
3 1.028245438 -0.06794590322 -0.004971929903 -0.3972444212 -0.499464475 -1.099661042 -1.19695167 -0.2446312768 -1.478741404 0.2387841459 -0.7221776971 0.1906286699 1.445232271
3 1.255124699 0.427012702 1.401018819 0.8571235025 0.05941342121 -0.8265748635 -1.17379394 0.7711362039 -1.640968332 -0.2119904351 0.04852427571 -0.4008055415 -0.2713011268
3 1.396924238 1.87131814 -0.004971929903 -0.3972444212 -0.2898852639 -0.007316327528 -0.8495857123 0.5367283238 -0.7937832647 -0.1939594518 0.1296507992 -0.4152307661 -0.07323958098
3 -0.5457294385 1.003112062 -0.5749681795 -0.9348306742 1.107309477 -1.136072533 -0.8727434428 -0.8697189573 -0.5774806942 1.180001471 -0.9249940057 -0.4873568895 1.940386135
3 0.744646361 0.7515757219 -0.7649669293 -0.03885358589 0.4087121063 -0.9176035897 -1.139057344 0.2241844835 -0.289077267 -0.3382073178 -1.127810314 -0.9489640788 1.775334847
3 1.765603038 1.94434482 -0.4609689295 -0.3972444212 -1.128202108 -1.864302342 -1.382213515 -0.01022339664 -1.406640548 -0.01364961946 -1.208936838 -1.453846942 -0.9645165373
3 0.3334276996 1.595439573 0.4890248197 0.1403418318 -0.7090436861 -0.5534886849 -1.023268691 0.5367283238 -1.082186692 0.9780544587 -1.371189885 -0.6893100348 0.4219142837
3 0.9715256225 0.4838112305 0.10902732 0.1403418318 -0.2898852639 -0.1347565442 -0.8959011733 0.3804564037 -0.379203338 1.255731601 -1.330626623 -1.035515427 0.5869655719
3 0.6312067303 1.019340213 0.03302782007 0.1403418318 1.177169214 -1.081455297 -0.1664326615 -0.479039157 -0.5774806942 1.609138872 -1.2495001 -1.453846942 -0.07323958098
3 1.226764792 0.3864423246 1.021021319 1.03631892 1.875766584 -1.099661042 0.0419869133 -1.416670678 -0.379203338 1.32064314 -1.168373576 -1.497122616 -0.4033421574
3 0.2199880689 0.02130892724 0.4890248197 0.3195372495 1.107309477 -0.9540150802 -0.2011692573 -1.260398758 -0.3611781238 2.114006403 -1.614569455 -1.251893797 -0.535383188
3 0.6737465918 -0.6034748859 1.515018069 1.573905173 1.386748425 0.3567985774 -0.2938001794 -1.104126837 0.1795783022 0.7797136431 -1.087247053 -1.453846942 -0.898496022
3 0.8439060379 0.5324956835 -0.2709701797 -0.9348306742 0.1292731582 -0.3714312324 -0.8148491165 1.630631765 0.7383599425 2.013032897 -1.290063361 -1.194192898 0.7520168601
3 -0.07779096172 -1.098433491 -0.9549656792 -0.3972444212 0.4785718434 -0.9540150802 -1.104320748 1.005544084 -0.108825125 0.9600234755 -1.208936838 -1.136492 0.5209450566
3 0.7588263149 2.066055952 -0.1189711798 0.3195372495 -0.2200255269 -0.4806657039 -1.046426422 1.630631765 0.161553088 1.068209375 -1.127810314 -1.237468572 1.082119437
3 1.708883222 1.197849874 0.10902732 -0.5764398389 -0.499464475 -0.3714312324 -0.8148491165 0.6148642838 0.1795783022 1.468497203 -1.2495001 -1.006664977 -0.535383188
3 -0.2621303616 0.3134156451 1.097020819 2.111491426 0.05941342121 -0.18937378 -1.104320748 1.786903685 -0.5774806942 0.923961509 -0.8438674823 -0.8768379555 2.105437423
3 2.417880914 -0.7819845469 1.325019319 1.394709755 0.1292731582 1.449143292 -0.2590635836 1.005544084 2.234452721 2.907369665 -1.2495001 -0.5450577881 0.6529860872
3 1.198404884 -0.7900986224 1.097020819 0.4987326671 -0.499464475 1.085028387 -0.5022197542 0.9274081241 1.495418939 2.456595084 -1.2495001 -0.8047118322 0.388904026
3 -0.3897499462 0.9625416848 0.10902732 -0.03885358589 -0.569324212 0.5388560298 -0.7106393291 0.7711362039 -0.7577328363 0.9780544587 -1.290063361 -1.093216326 -0.2713011268
3 1.496183915 0.5000393815 0.7170233195 -0.3972444212 0.7580107915 -0.3168139967 -1.127478479 0.7711362039 -1.190337977 0.339757652 0.3324671078 -0.7470109335 0.7850271177
3 0.305067792 0.508153457 0.8690223194 0.3195372495 0.6881510545 -0.6445174111 -1.081163018 1.552495805 -0.9019345499 0.2315717526 -0.03260224774 -0.3286794181 0.0588014496
3 0.4610472842 0.6542068159 -0.004971929903 -0.9348306742 0.6881510545 -1.117866787 -0.9653743649 -0.01022339664 -0.9379849783 0.1233858532 -0.8033042206 -0.8479875062 0.7520168601
3 1.623803499 0.0943356067 -0.1949706798 0.3195372495 -0.429604738 -1.190689768 -0.9885320955 0.06791256342 -0.7757580505 1.674050412 -0.7221776971 -0.9489640788 0.3558937684
3 1.55290373 1.392587686 -0.3469696796 0.4987326671 -0.569324212 -1.318129985 -1.231688266 0.9274081241 -0.55945548 0.606616204 -0.3976716033 -0.8479875062 -0.2713011268
3 1.155865022 0.8570587033 0.9450218194 0.6779280848 1.03744974 -0.5534886849 -0.7106393291 0.2241844835 -0.0006738397833 2.070732043 -0.1137287712 -1.122066775 0.8840578907
3 0.2625279304 0.5892942119 -0.1949706798 -0.5764398389 -0.569324212 -0.9540150802 -1.011689826 -0.01022339664 -0.8839093357 1.919271784 -0.6410511737 -0.8479875062 0.8180373754
3 1.340204422 -0.05171775223 1.287019569 1.215514338 0.6182913174 -0.8265748635 -0.8032702512 -0.0883593567 0.1435278738 1.34228032 -0.5599246502 -0.7758613828 1.247170725
3 1.084965253 1.587325498 1.933015319 1.394709755 1.107309477 -0.04372781802 -0.664323868 -1.025990877 -0.6315563369 1.284581174 -0.8438674823 -0.6027586868 0.4549245413
3 -0.6166292077 0.3134156451 -0.1189711798 -0.7556352566 -0.01044631582 -1.372747221 -1.208530536 -0.01022339664 -1.316514477 0.2027221794 -0.884430744 -0.7325857088 -0.3373216421
3 0.1916281612 -0.2058851866 -0.2709701797 -0.5764398389 -0.7090436861 -1.117866787 -1.185372805 0.6148642838 -1.478741404 1.789448344 -1.2495001 -1.021090202 -0.6014037033
3 2.162641745 -0.1085162807 0.4890248197 -0.3972444212 -0.359745001 -0.5899001753 -0.9653743649 0.3023204436 -0.3972285522 1.717324772 -1.046683791 -0.9056884048 0.6529860872
3 1.524543822 2.439303425 0.3750255698 -0.2180490036 -0.08030605284 -0.5899001753 -1.069584152 0.9274081241 -0.7216824079 0.9960854419 -0.9655572675 -0.8624127308 1.181150209
3 1.084965253 1.027454289 0.4890248197 0.6779280848 0.4087121063 -0.3714312324 -0.9074800386 0.2241844835 -0.09079991079 0.851837576 -0.7221776971 -1.122066775 1.247170725
3 0.9006258533 1.327675082 -0.3469696796 -0.3972444212 1.666187373 -0.7537518825 -0.9769532302 0.2241844835 -0.198951196 1.897634604 -1.168373576 -1.122066775 1.808345105
3 0.7588263149 -0.04360367673 0.07102757004 -0.3972444212 1.666187373 -0.6445174111 -0.9885320955 1.005544084 -0.0006738397833 1.573076906 -1.127810314 -1.035515427 1.841355362
3 2.120101884 1.181621723 1.477018319 1.215514338 -0.01044631582 0.08371239869 -0.8959011733 1.239951964 -0.198951196 1.537014939 -1.087247053 -1.064365876 -0.00721906569